0.08552079962488301
0.09991515556089658
0.09628856019962906
0.08446066444850309
0.06774858701481112
0.048687345578257046
0.02912508498639177
0.010336039812552267
-0.006856566167276146
-0.021958733652282847
-0.03471155089633293
-0.04502295903275488
-0.052924699296642785
-0.058542774447093215
-0.06206630047769912
-0.06372189141657447
-0.06374986441959773
-0.062398214591043555
-0.05991799919157126
-0.05656292637700777
-0.05257433959548963
-0.048169329658818816
-0.043528788011380826
-0.03880381589564896
-0.03412127461219372
-0.0295907546523424
-0.025299786751342257
-0.021311506949716952
-0.017664783385670457
-0.014377675554105185
-0.011453076651444682
-0.008883642551151594
-0.006657668874842981
-0.004763371378765591
-0.0031839398992157264
-0.0018949332689133236
-0.0008596596235401766
-4.147599591508566e-05
0.0005862821032032173
0.00104223932652725
0.0013460699691723033
0.0015322639868597943
0.0016322295226678385
0.001658431310359365
0.001609257500358785
0.0015017821440983514
0.0014053086058924968
0.0013506611555218484
0.0012052632811136998
0.0008287208651420741
0.0004685491185896229
0.0008507662403010041
0.0018490515402109775
0.0008752721051397128
-0.00453819965733282
-0.03737520207244849
-0.12167945543795788
-0.22841510025191591
-0.3228742003361489
-0.39113469131985723
-0.4115689972836605
-0.4038622719625863
-0.4044239974202142
-0.4131341342260809
-0.4240810605962907
-0.4337633463096804
-0.4429258448322515
-0.4509784503579671
-0.4529561765009157
-0.4455706196319358
-0.4060427088156079
-0.30812432513515264
-0.18425391929036067
-0.07768593018446533
-0.006337079311947523
0.011015455649767731
-0.00023321552591227876
-0.0034635810262547855
-0.00028236742986154035
0.0009464912523769113
0.00014701821119210851
-0.00026267256514658815
-6.403224986983753e-05
6.893398637050148e-05
2.4638041630612237e-05
-1.3457873069658616e-05
-1.8653756818922875e-06
1.020260739804128e-05
7.99689609472183e-06
4.761438324429952e-06
5.195676889164383e-06
5.8102552261358294e-06
5.270888501271111e-06
4.564412028119486e-06
4.105955370492361e-06
3.659540596304824e-06
3.1394022011085263e-06
2.630998518970962e-06
2.171929966063305e-06
1.7500511741992017e-06
1.3635255024671108e-06
1.0203076506723038e-06
7.226012356684663e-07
4.4054369423397613e-07

